[
12.652996480464935,
45.95877831732424
],
[
12.653211057186127,
45.95855456408165
],
[
12.653398811817167,
45.958328945313845
],
[
12.65361338853836,
45.95810146099803
],
[
12.65384942293167,
45.95787584038528
],
[
12.654066681861877,
45.95765767743157
],
[
12.654297351837158,
45.957443242922075
],
[
12.654514610767365,
45.95722507826514
],
[
12.654745280742645,
45.95700318341679
],
[
12.654707729816437,
45.95673467081547
],
[
12.654624581336975,
45.95647548033421
],
[
12.654721140861511,
45.956208829868935
],
[
12.654906213283539,
45.95598133684929
],
[
12.655120790004728,
45.95575197818731
],
[
12.655313909053802,
45.955513294994546
],
[
12.655552625656128,
45.955311905251
],
[
12.655748426914215,
45.955076949625166
],
[
12.655957639217377,
45.95484199300319
],
[
12.656182944774628,
45.95463127709014
],
[
12.656405568122864,
45.95440937185536
],
[
12.65662282705307,
45.95416508859466
],
[
12.656818628311157,
45.95395064056983
],
[
12.657038569450378,
45.95373246216255
],
[
12.65724241733551,
45.953490040702604
],
[
12.657475769519806,
45.953283049232155
],
[
12.657674252986906,
45.9530518146032
],
[
12.657896876335144,
45.9528317678507
],
[
12.658095359802246,
45.95259866652435
],
[
12.658312618732452,
45.952376753150666
],
[
12.658532559871672,
45.95215670371789
],
[
12.658752501010895,
45.95193665341141
],
[
12.658985853195189,
45.95172033191955
],
[
12.659213840961456,
45.951502144731954
],
[
12.659463286399841,
45.95129701069527
],
[
12.659795880317688,
45.95112730832744
],
[
12.66012042760849,
45.95097438926521
],
[
12.6603564620018,
45.9508028210346
],
[
12.66051471233368,
45.95058463023506
],
[
12.660900950431824,
45.950694658181504
],
[
12.661198675632477,
45.95086622674692
],
[
12.661442756652832,
45.95105084884905
],
[
12.661735117435455,
45.951246659497485
],
[
12.662003338336945,
45.95142941547855
],
[
12.662274241447447,
45.95163827871898
],
[
12.662539780139923,
45.951813574045424
],
[
12.662773132324219,
45.95196649079229
],
[
12.663105726242065,
45.95202803033966
],
[
12.663508057594298,
45.95201311166779
],
[
12.663832604885101,
45.951891897309956
],
[
12.664009630680084,
45.95164200841256
],
[
12.664189338684082,
45.95136974012244
],
[
12.664344906806946,
45.951134767783095
],
[
12.664521932601929,
45.950883010599796
],
[
12.664688229560852,
45.95063311715362
],
[
12.664819657802582,
45.95041492568601
],
[
12.66499936580658,
45.95014451626501
],
[
12.665157616138458,
45.9498797002431
],
[
12.66524612903595,
45.949588774140814
],
[
12.665353417396545,
45.9493071711387
],
[
12.665468752384186,
45.94905167578635
],
[
12.665570676326752,
45.948771934998796
],
[
12.665648460388182,
45.94853695164621
],
[
12.665836215019226,
45.94829823737913
],
[
12.666166126728058,
45.94814344554714
],
[
12.66660064458847,
45.94818820467552
],
[
12.66673743724823,
45.948408269864345
],
[
12.666909098625183,
45.94861341459251
],
[
12.667107582092285,
45.948853992442814
],
[
12.667319476604462,
45.94911135363831
],
[
12.66750454902649,
45.949323955463704
],
[
12.667745947837828,
45.949613018040985
],
[
12.667906880378721,
45.94979950922633
],
[
12.668094635009766,
45.950013973313744
],
[
12.668317258358,
45.95029557272488
],
[
12.668523788452147,
45.95053241350606
],
[
12.668684720993042,
45.950720766475726
],
[
12.668912708759308,
45.951000497427636
],
[
12.669108510017395,
45.95124106491714
],
[
12.669301629066467,
45.9514704422486
],
[
12.669502794742584,
45.95168676471582
],
[
12.669661045074463,
45.95191800504018
],
[
12.669913172721863,
45.952169757522164
],
[
12.670074105262756,
45.952389806903135
],
[
12.670358419418335,
45.952553910957484
],
[
12.670532763004303,
45.95280006612793
],
[
12.670886814594269,
45.95292127849951
],
[
12.671187222003937,
45.953007059402275
],
[
12.671546638011932,
45.953100299363406
],
[
12.671898007392882,
45.953200998345196
],
[
12.672359347343445,
45.95330542672569
],
[
12.67272412776947,
45.95336509999762
],
[
12.673083543777466,
45.95327745485736
],
[
12.673459053039549,
45.95319353916765
],
[
12.673829197883604,
45.95308911057635
],
[
12.674172520637512,
45.95298841139124
],
[
12.674515843391418,
45.95286160474971
],
[
12.674757242202759,
45.95273106819799
],
[
12.675057649612425,
45.952568829483795
],
[
12.675406336784363,
45.95240472547361
],
[
12.675773799419403,
45.95223129684383
],
[
12.676098346710205,
45.95207092149894
],
[
12.676428258419037,
45.95193292373765
],
[
12.676723301410675,
45.95182103340871
],
[
12.67712026834488,
45.95166998110634
],
[
12.677468955516815,
45.951546901148156
],
[
12.677798867225647,
45.95145552342665
],
[
12.678203880786896,
45.95147976651031
],
[
12.678498923778534,
45.95153384719715
],
[
12.678914666175842,
45.95153384719715
],
[
12.67933040857315,
45.951522658093864
],
[
12.679756879806519,
45.951554360547355
],
[
12.680129706859589,
45.95158419813405
],
[
12.68047034740448,
45.95161963024737
]