[
12.652996480464935,
45.95877831732424
],
[
12.653211057186127,
45.95855456408165
],
[
12.653398811817167,
45.958328945313845
],
[
12.65361338853836,
45.95810146099803
],
[
12.65384942293167,
45.95787584038528
],
[
12.654066681861877,
45.95765767743157
],
[
12.654297351837158,
45.957443242922075
],
[
12.654514610767365,
45.95722507826514
],
[
12.654745280742645,
45.95700318341679
],
[
12.654707729816437,
45.95673467081547
],
[
12.654624581336975,
45.95647548033421
],
[
12.654721140861511,
45.956208829868935
],
[
12.654906213283539,
45.95598133684929
],
[
12.655120790004728,
45.95575197818731
],
[
12.655313909053802,
45.955513294994546
],
[
12.655552625656128,
45.955311905251
],
[
12.655748426914215,
45.955076949625166
],
[
12.655957639217377,
45.95484199300319
],
[
12.656182944774628,
45.95463127709014
],
[
12.656405568122864,
45.95440937185536
],
[
12.65662282705307,
45.95416508859466
],
[
12.656818628311157,
45.95395064056983
],
[
12.657038569450378,
45.95373246216255
],
[
12.65724241733551,
45.953490040702604
],
[
12.657475769519806,
45.953283049232155
],
[
12.657674252986906,
45.9530518146032
],
[
12.657896876335144,
45.9528317678507
],
[
12.658095359802246,
45.95259866652435
],
[
12.658312618732452,
45.952376753150666
],
[
12.658532559871672,
45.95215670371789
],
[
12.658752501010895,
45.95193665341141
],
[
12.658985853195189,
45.95172033191955
],
[
12.659213840961456,
45.951502144731954
],
[
12.659463286399841,
45.95129701069527
],
[
12.659795880317688,
45.95112730832744
],
[
12.66012042760849,
45.95097438926521
],
[
12.6603564620018,
45.9508028210346
],
[
12.66051471233368,
45.95058463023506
],
[
12.660900950431824,
45.950694658181504
],
[
12.661198675632477,
45.95086622674692
],
[
12.661442756652832,
45.95105084884905
],
[
12.661735117435455,
45.951246659497485
],
[
12.662003338336945,
45.95142941547855
],
[
12.662274241447447,
45.95163827871898
],
[
12.662539780139923,
45.951813574045424
],
[
12.662773132324219,
45.95196649079229
],
[
12.663105726242065,
45.95202803033966
],
[
12.663508057594298,
45.95201311166779
],
[
12.663832604885101,
45.951891897309956
],
[
12.664009630680084,
45.95164200841256
],
[
12.664189338684082,
45.95136974012244
],
[
12.664344906806946,
45.951134767783095
],
[
12.664521932601929,
45.950883010599796
],
[
12.664688229560852,
45.95063311715362
],
[
12.664819657802582,
45.95041492568601
],
[
12.66499936580658,
45.95014451626501
],
[
12.665157616138458,
45.9498797002431
],
[
12.66524612903595,
45.949588774140814
],
[
12.665353417396545,
45.9493071711387
],
[
12.665468752384186,
45.94905167578635
],
[
12.665570676326752,
45.948771934998796
],
[
12.665648460388182,
45.94853695164621
],
[
12.665836215019226,
45.94829823737913
],
[
12.666166126728058,
45.94814344554714
],
[
12.66660064458847,
45.94818820467552
],
[
12.66673743724823,
45.948408269864345
],
[
12.666909098625183,
45.94861341459251
],
[
12.667107582092285,
45.948853992442814
],
[
12.667319476604462,
45.94911135363831
],
[
12.66750454902649,
45.949323955463704
],
[
12.667745947837828,
45.949613018040985
],
[
12.667906880378721,
45.94979950922633
],
[
12.668094635009766,
45.950013973313744
],
[
12.668317258358,
45.95029557272488
],
[
12.668523788452147,
45.95053241350606
],
[
12.668684720993042,
45.950720766475726
],
[
12.668912708759308,
45.951000497427636
],
[
12.669108510017395,
45.95124106491714
],
[
12.669301629066467,
45.9514704422486
],
[
12.669502794742584,
45.95168676471582
],
[
12.669661045074463,
45.95191800504018
],
[
12.669913172721863,
45.952169757522164
],
[
12.670074105262756,
45.952389806903135
],
[
12.670358419418335,
45.952553910957484
],
[
12.657693028450012,
45.962155016963514
],
[
12.657387256622313,
45.96198721234333
],
[
12.65748918056488,
45.96172245290898
],
[
12.657580375671387,
45.961453963176496
],
[
12.657644748687744,
45.961207846445376
],
[
12.65774667263031,
45.96095054142115
],
[
12.657811045646667,
45.9606652670627
],
[
12.657840549945831,
45.96040795951872
],
[
12.65749454498291,
45.96028862807824
],
[
12.657175362110138,
45.9601357342945
],
[
12.656821310520172,
45.960243878721776
],
[
12.656614780426025,
45.96047321879153
],
[
12.656416296958923,
45.96070628699553
],
[
12.656223177909851,
45.9609374896852
],
[
12.656030058860777,
45.96117428498824
],
[
12.65588253736496,
45.96142040186846
],
[
12.655753791332245,
45.96167397569244
],
[
12.655592858791351,
45.96195365135829
],
[
12.655246853828428,
45.96185856179029
],
[
12.654935717582703,
45.961739233474084
],
[
12.654595077037811,
45.96158820820538
],
[
12.654329538345337,
45.96137005986826
],
[
12.65412300825119,
45.96115191067221
],
[
12.654004991054535,
45.96090206352921
],
[
12.65384942293167,
45.96066153797641
],
[
12.653693854808807,
45.96041914682809
],
[
12.653578519821167,
45.96016743182092
],
[
12.653417587280273,
45.95991944480671
],
[
12.65326201915741,
45.95967891498822
],
[
12.653127908706665,
45.95942160286362
],
[
12.652988433837889,
45.95916428954408
],
[
12.652902603149412,
45.95889951662003
],
[
12.653074264526367,
45.95866644081588
],
[
12.653237879276276,
45.958526594862796
],
[
12.670363783836365,
45.95255950540531
],
[
12.670135796070099,
45.95286160474971
],
[
12.669902443885803,
45.95302197780661
],
[
12.669666409492493,
45.953200998345196
],
[
12.669433057308197,
45.953406125334794
],
[
12.669162154197693,
45.95359446853843
],
[
12.668896615505217,
45.953793999748996
],
[
12.668625712394714,
45.95399725977625
],
[
12.668357491493223,
45.95419678953661
],
[
12.668089270591736,
45.95438326529874
],
[
12.667842507362366,
45.95457906417365
],
[
12.667563557624817,
45.95477486235678
],
[
12.667303383350372,
45.95497438931744
],
[
12.667029798030853,
45.95516272719131
],
[
12.666764259338379,
45.95536225275547
],
[
12.66650140285492,
45.9555580481715
],
[
12.666286826133728,
45.955781813514136
],
[
12.66598105430603,
45.9559552310332
],
[
12.665680646896362,
45.956123053922006
],
[
12.665417790412903,
45.95632817009594
],
[
12.665187120437622,
45.95654074423865
],
[
12.664991319179533,
45.956768234961785
],
[
12.664900124073029,
45.95702928873917
],
[
12.664833068847656,
45.95729220594338
],
[
12.66473650932312,
45.95755325725233
],
[
12.664656043052673,
45.95782549516449
],
[
12.664572894573212,
45.95809027322071
],
[
12.664516568183899,
45.958349456148895
],
[
12.664438784122467,
45.95861609631344
],
[
12.664355635643005,
45.958879005988614
],
[
12.664264440536499,
45.95914191441632
],
[
12.664173245429993,
45.95941600910852
],
[
12.664092779159546,
45.95966959210601
],
[
12.663988173007965,
45.95992317394295
],
[
12.66385406255722,
45.96017861917887
],
[
12.663701176643372,
45.96039490765491
],
[
12.663483917713165,
45.960618653465815
],
[
12.663223743438719,
45.96080883669466
],
[
12.662909924983978,
45.961010206460735
],
[
12.66263633966446,
45.961161233304985
],
[
12.662287652492523,
45.961293614521246
],
[
12.661930918693542,
45.961411079279266
],
[
12.661592960357666,
45.961530408302266
],
[
12.661220133304596,
45.961636685497005
],
[
12.660812437534332,
45.96167584020156
],
[
12.660463750362396,
45.961694485289236
],
[
12.65998899936676,
45.96177465909478
],
[
12.659634947776794,
45.96183059423927
],
[
12.65925943851471,
45.961893987334726
],
[
12.658867835998535,
45.96195738035762
],
[
12.658492326736448,
45.96203196029175
],
[
12.658127546310423,
45.96210654012543
],
[
12.657709121704102,
45.96216620392013
],
[
12.657690346240997,
45.96216620392013
]