[
12.65299379825592,
45.95877085889738
],
[
12.653189599514006,
45.95854151178127
],
[
12.653430998325348,
45.95831962220449
],
[
12.653626799583435,
45.95808654396109
],
[
12.653854787349701,
45.95787584038528
],
[
12.654080092906952,
45.95765767743157
],
[
12.654302716255186,
45.957443242922075
],
[
12.654482424259186,
45.957204567013925
],
[
12.654726505279541,
45.95699386008439
],
[
12.654697000980377,
45.956727212113535
],
[
12.654654085636139,
45.956458698174934
],
[
12.65471577644348,
45.95618831824152
],
[
12.654924988746643,
45.95596082513768
],
[
12.655150294303894,
45.95573706051787
],
[
12.65536218881607,
45.95551143027804
],
[
12.655568718910217,
45.95528020494691
],
[
12.655777931213379,
45.95505643757881
],
[
12.655963003635406,
45.954832669307166
],
[
12.656182944774628,
45.95460330589099
],
[
12.656416296958923,
45.95438699480759
],
[
12.656641602516173,
45.95416508859466
],
[
12.656853497028349,
45.95394504626243
],
[
12.657033205032349,
45.95371940872633
],
[
12.657261192798613,
45.953491905487105
],
[
12.657481133937836,
45.953258806937306
],
[
12.657703757286072,
45.953040625806345
],
[
12.657915651798248,
45.952824308623455
],
[
12.658127546310423,
45.952589342450885
],
[
12.658446729183197,
45.95244015706238
],
[
12.658832967281342,
45.9524140495781
],
[
12.659200429916382,
45.95247931826574
],
[
12.659559845924377,
45.952596801709774
],
[
12.65987366437912,
45.95275344591442
],
[
12.66018211841583,
45.95291195448034
],
[
12.660474479198456,
45.95305740900075
],
[
12.660930454730988,
45.95316743203827
],
[
12.661263048648834,
45.953271860482
],
[
12.661523222923279,
45.953396801397176
],
[
12.661842405796051,
45.95356463203399
],
[
12.66213744878769,
45.953710084841425
],
[
12.66244053840637,
45.95386672589943
],
[
12.66276240348816,
45.954056932303246
],
[
12.663038671016693,
45.95422662570071
],
[
12.66334980726242,
45.954446666914905
],
[
12.663644850254059,
45.95466111302032
],
[
12.663915753364563,
45.95485504617499
],
[
12.66422152519226,
45.9550583023106
],
[
12.664513885974884,
45.955278340222584
],
[
12.664803564548492,
45.95548159480567
],
[
12.665090560913086,
45.95567925451092
],
[
12.66537755727768,
45.95585640176089
],
[
12.665731608867643,
45.9559552310332
],
[
12.665567994117737,
45.95615661843879
],
[
12.66535073518753,
45.95638224605169
],
[
12.6650932431221,
45.95663584293324
],
[
12.664929628372192,
45.95688757398404
],
[
12.664862573146818,
45.95714676253778
],
[
12.664787471294403,
45.9574115438372
],
[
12.66469895839691,
45.957672594583954
],
[
12.664621174335478,
45.95792059165422
],
[
12.664543390274048,
45.958215203272694
],
[
12.66447365283966,
45.958453874827704
],
[
12.664398550987244,
45.95871864988122
],
[
12.664301991462708,
45.95899274666719
],
[
12.664224207401276,
45.959272435867426
],
[
12.664146423339844,
45.95948313413255
],
[
12.664068639278412,
45.95971620650134
],
[
12.663905024528503,
45.96004623529853
],
[
12.663754820823668,
45.96028862807824
],
[
12.663615345954895,
45.96048999973497
],
[
12.663363218307495,
45.96068577703289
],
[
12.66310304403305,
45.960868501886836
],
[
12.662832140922546,
45.96104936160804
],
[
12.662491500377655,
45.961205981920536
],
[
12.662129402160645,
45.961338363029874
],
[
12.661772668361664,
45.96147260833885
],
[
12.66145348548889,
45.961631091965515
],
[
12.66113430261612,
45.96163855000737
],
[
12.66074001789093,
45.961662788636445
],
[
12.660348415374756,
45.961713130370654
],
[
12.659932672977446,
45.96178771063353
],
[
12.659527659416199,
45.96185669728735
],
[
12.659162878990173,
45.961921954853764
],
[
12.658835649490356,
45.961970431853345
],
[
12.658422589302063,
45.96204687626652
],
[
12.658100724220276,
45.96209535315679
],
[
12.657693028450012,
45.96215688145645
],
[
12.657277286052704,
45.96224637704307
],
[
12.656872272491455,
45.962324685562756
],
[
12.656536996364594,
45.962235190102646
],
[
12.656153440475462,
45.962132643043525
],
[
12.655788660049438,
45.96202823129741
],
[
12.655399739742279,
45.96190517434403
],
[
12.654981315135956,
45.961756014034094
],
[
12.654646039009094,
45.961619904900864
],
[
12.65436440706253,
45.96143531800788
],
[
12.654152512550354,
45.96119479477001
],
[
12.654021084308624,
45.96095986408785
],
[
12.653905749320984,
45.960760358678726
],
[
12.653736770153046,
45.960465760592804
],
[
12.653570473194122,
45.960212181239115
],
[
12.653449773788452,
45.95995673615795
],
[
12.653288841247559,
45.95971434192627
],
[
12.653157413005829,
45.95946075913356
],
[
12.653023302555084,
45.95922768569025
],
[
12.652910649776459,
45.95901139265779
],
[
12.652988433837889,
45.95877831732424
]