[
12.65319228172302,
45.95854151178127
],
[
12.653433680534363,
45.95831962220449
],
[
12.653531581163406,
45.958203083205355
],
[
12.653580531477928,
45.958144813613856
],
[
12.653629481792448,
45.95808654396109
],
[
12.653857469558714,
45.95787584038528
],
[
12.654082775115965,
45.95765767743157
],
[
12.6543053984642,
45.957443242922075
],
[
12.654485106468199,
45.957204567013925
],
[
12.654729187488554,
45.95699386008439
],
[
12.65469968318939,
45.956727212113535
],
[
12.654656767845152,
45.956458698174934
],
[
12.654718458652493,
45.95618831824152
],
[
12.654927670955656,
45.95596082513768
],
[
12.655152976512907,
45.95573706051787
],
[
12.655364871025085,
45.95551143027804
],
[
12.655571401119232,
45.95528020494691
],
[
12.655780613422392,
45.95505643757881
],
[
12.65596568584442,
45.954832669307166
],
[
12.656185626983643,
45.95460330589099
],
[
12.656418979167936,
45.95438699480759
],
[
12.656644284725187,
45.95416508859466
],
[
12.656856179237362,
45.95394504626243
],
[
12.657035887241362,
45.95371940872633
],
[
12.657263875007626,
45.953491905487105
],
[
12.657483816146849,
45.953258806937306
],
[
12.657706439495087,
45.953040625806345
],
[
12.657918334007261,
45.952824308623455
],
[
12.658130228519436,
45.952589342450885
],
[
12.658449411392212,
45.95244015706238
],
[
12.658835649490355,
45.9524140495781
],
[
12.659203112125395,
45.95247931826574
],
[
12.65956252813339,
45.952596801709774
],
[
12.659876346588133,
45.95275344591442
],
[
12.660184800624844,
45.95291195448034
],
[
12.660477161407469,
45.95305740900075
],
[
12.66093313694,
45.95316743203827
],
[
12.661265730857847,
45.953271860482
],
[
12.661525905132292,
45.953396801397176
],
[
12.661845088005064,
45.95356463203399
],
[
12.662140130996702,
45.953710084841425
],
[
12.662443220615383,
45.95386672589943
],
[
12.662765085697174,
45.954056932303246
],
[
12.663041353225706,
45.95422662570071
],
[
12.663352489471434,
45.954446666914905
],
[
12.663647532463072,
45.95466111302032
],
[
12.663918435573576,
45.95485504617499
],
[
12.664224207401274,
45.9550583023106
],
[
12.664516568183897,
45.955278340222584
],
[
12.664806246757506,
45.95548159480567
],
[
12.665093243122099,
45.95567925451092
],
[
12.665380239486693,
45.95585640176089
],
[
12.665734291076657,
45.9559552310332
],
[
12.66557067632675,
45.95615661843879
],
[
12.665353417396545,
45.95638224605169
],
[
12.665095925331114,
45.95663584293324
],
[
12.664932310581205,
45.95688757398404
],
[
12.664865255355833,
45.95714676253778
],
[
12.664790153503416,
45.9574115438372
],
[
12.664701640605925,
45.957672594583954
],
[
12.664623856544491,
45.95792059165422
],
[
12.664546072483061,
45.958215203272694
],
[
12.664476335048674,
45.958453874827704
],
[
12.664401233196257,
45.95871864988122
],
[
12.66430467367172,
45.95899274666719
],
[
12.664226889610289,
45.959272435867426
],
[
12.664149105548857,
45.95948313413255
],
[
12.664071321487425,
45.95971620650134
],
[
12.663907706737517,
45.96004623529853
],
[
12.663757503032683,
45.96028862807824
],
[
12.663618028163908,
45.96048999973497
],
[
12.663365900516508,
45.96068577703289
],
[
12.663105726242064,
45.960868501886836
],
[
12.66283482313156,
45.96104936160804
],
[
12.662494182586668,
45.961205981920536
],
[
12.662132084369658,
45.961338363029874
],
[
12.661775350570679,
45.96147260833885
],
[
12.661456167697903,
45.961631091965515
],
[
12.661136984825133,
45.96163855000737
],
[
12.660742700099943,
45.961662788636445
],
[
12.660351097583769,
45.961713130370654
],
[
12.659935355186459,
45.96178771063353
],
[
12.659530341625212,
45.96185669728735
],
[
12.659165561199186,
45.961921954853764
],
[
12.65883833169937,
45.961970431853345
],
[
12.658425271511076,
45.96204687626652
],
[
12.658103406429289,
45.96209535315679
],
[
12.657695710659025,
45.96215688145645
],
[
12.657279968261717,
45.96224637704307
],
[
12.656874954700468,
45.962324685562756
],
[
12.656872272491455,
45.96232655004999
],
[
12.656499445438385,
45.96239740051766
],
[
12.656131982803345,
45.9624701153771
],
[
12.655759155750275,
45.962537236701124
],
[
12.655380964279175,
45.96261368033222
],
[
12.65501081943512,
45.96266775015395
],
[
12.65462726354599,
45.96273300676505
],
[
12.65425443649292,
45.962813179067766
],
[
12.65388697385788,
45.962887757849856
],
[
12.653511464595796,
45.96296792992861
],
[
12.653138637542725,
45.96304810189137
],
[
12.6527738571167,
45.9631226803572
],
[
12.652401030063631,
45.9632121743837
],
[
12.652036249637604,
45.96328488817379
],
[
12.65166074037552,
45.96337251748629
],
[
12.65127182006836,
45.963406077611815
],
[
12.65089362859726,
45.96337251748629
],
[
12.6505047082901,
45.96334268624653
],
[
12.65013188123703,
45.96328675262868
],
[
12.649799287319183,
45.963141324958
],
[
12.649474740028381,
45.96299403244087
],
[
12.64913409948349,
45.96287284210147
],
[
12.64912873506546,
45.96286911316374
],
[
12.64915555715561,
45.962608086899394
],
[
12.649343311786652,
45.962361975295146
],
[
12.64951229095459,
45.9621139981033
],
[
12.649694681167603,
45.961888393829206
],
[
12.649866342544556,
45.96164600804821
],
[
12.650046050548553,
45.9614036212068
],
[
12.65024721622467,
45.961140723510795
],
[
12.650410830974579,
45.96091884434278
],
[
12.650577127933502,
45.96069137065981
],
[
12.65077292919159,
45.96045084419235
],
[
12.650917768478394,
45.960199129329204
],
[
12.65109747648239,
45.95996605899182
],
[
12.651269137859344,
45.95971993565128
],
[
12.651448845863342,
45.9594849987154
],
[
12.651843130588531,
45.959445842462564
],
[
12.652221322059631,
45.95941600910852
],
[
12.652602195739746,
45.959388040324484
],
[
12.652811408042908,
45.95916056035674
],
[
12.652907967567444,
45.95890324582492
],
[
12.653189599514006,
45.95856202253764
],
[
12.653165459632874,
45.958565751765256
]