[
12.65319228172302,
45.95854151178127
],
[
12.653433680534363,
45.95831962220449
],
[
12.653531581163406,
45.958203083205355
],
[
12.653580531477928,
45.958144813613856
],
[
12.653629481792448,
45.95808654396109
],
[
12.653857469558714,
45.95787584038528
],
[
12.654082775115965,
45.95765767743157
],
[
12.6543053984642,
45.957443242922075
],
[
12.654485106468199,
45.957204567013925
],
[
12.654729187488554,
45.95699386008439
],
[
12.65469968318939,
45.956727212113535
],
[
12.654656767845152,
45.956458698174934
],
[
12.654718458652493,
45.95618831824152
],
[
12.654927670955656,
45.95596082513768
],
[
12.655152976512907,
45.95573706051787
],
[
12.655364871025085,
45.95551143027804
],
[
12.655571401119232,
45.95528020494691
],
[
12.655780613422392,
45.95505643757881
],
[
12.65596568584442,
45.954832669307166
],
[
12.656185626983643,
45.95460330589099
],
[
12.656418979167936,
45.95438699480759
],
[
12.656644284725187,
45.95416508859466
],
[
12.656856179237362,
45.95394504626243
],
[
12.657035887241362,
45.95371940872633
],
[
12.657263875007626,
45.953491905487105
],
[
12.657483816146849,
45.953258806937306
],
[
12.657706439495087,
45.953040625806345
],
[
12.657918334007261,
45.952824308623455
],
[
12.658130228519436,
45.952589342450885
],
[
12.658449411392212,
45.95244015706238
],
[
12.658835649490355,
45.9524140495781
],
[
12.659203112125395,
45.95247931826574
],
[
12.65956252813339,
45.952596801709774
],
[
12.659876346588133,
45.95275344591442
],
[
12.660184800624844,
45.95291195448034
],
[
12.660477161407469,
45.95305740900075
],
[
12.66093313694,
45.95316743203827
],
[
12.661265730857847,
45.953271860482
],
[
12.661525905132292,
45.953396801397176
],
[
12.661845088005064,
45.95356463203399
],
[
12.662140130996702,
45.953710084841425
],
[
12.662443220615383,
45.95386672589943
],
[
12.662765085697174,
45.954056932303246
],
[
12.663041353225706,
45.95422662570071
],
[
12.663352489471434,
45.954446666914905
],
[
12.663647532463072,
45.95466111302032
],
[
12.663918435573576,
45.95485504617499
],
[
12.664224207401274,
45.9550583023106
],
[
12.664516568183897,
45.955278340222584
],
[
12.664806246757506,
45.95548159480567
],
[
12.665093243122099,
45.95567925451092
],
[
12.665380239486693,
45.95585640176089
],
[
12.665734291076657,
45.9559552310332
],
[
12.66557067632675,
45.95615661843879
],
[
12.665353417396545,
45.95638224605169
],
[
12.665095925331114,
45.95663584293324
],
[
12.664932310581205,
45.95688757398404
],
[
12.664865255355833,
45.95714676253778
],
[
12.664790153503416,
45.9574115438372
],
[
12.664701640605925,
45.957672594583954
],
[
12.664623856544491,
45.95792059165422
],
[
12.664546072483061,
45.958215203272694
],
[
12.664476335048674,
45.958453874827704
],
[
12.664401233196257,
45.95871864988122
],
[
12.66430467367172,
45.95899274666719
],
[
12.664226889610289,
45.959272435867426
],
[
12.664149105548857,
45.95948313413255
],
[
12.664071321487425,
45.95971620650134
],
[
12.663907706737517,
45.96004623529853
],
[
12.663757503032683,
45.96028862807824
],
[
12.663618028163908,
45.96048999973497
],
[
12.663365900516508,
45.96068577703289
],
[
12.663105726242064,
45.960868501886836
],
[
12.66283482313156,
45.96104936160804
],
[
12.662494182586668,
45.961205981920536
],
[
12.662132084369658,
45.961338363029874
],
[
12.661775350570679,
45.96147260833885
],
[
12.661456167697903,
45.961631091965515
],
[
12.661136984825133,
45.96163855000737
],
[
12.660742700099943,
45.961662788636445
],
[
12.660351097583769,
45.961713130370654
],
[
12.659935355186459,
45.96178771063353
],
[
12.659530341625212,
45.96185669728735
],
[
12.659165561199186,
45.961921954853764
],
[
12.65883833169937,
45.961970431853345
],
[
12.658425271511076,
45.96204687626652
],
[
12.658103406429289,
45.96209535315679
],
[
12.657695710659025,
45.96215688145645
],
[
12.657693028450012,
45.962155016963514
],
[
12.657387256622313,
45.96198721234333
],
[
12.65748918056488,
45.96172245290898
],
[
12.657580375671387,
45.961453963176496
],
[
12.657644748687744,
45.961207846445376
],
[
12.65774667263031,
45.96095054142115
],
[
12.657811045646667,
45.9606652670627
],
[
12.657840549945831,
45.96040795951872
],
[
12.65749454498291,
45.96028862807824
],
[
12.657175362110138,
45.9601357342945
],
[
12.656821310520172,
45.960243878721776
],
[
12.656614780426025,
45.96047321879153
],
[
12.656416296958923,
45.96070628699553
],
[
12.656223177909851,
45.9609374896852
],
[
12.656030058860777,
45.96117428498824
],
[
12.65588253736496,
45.96142040186846
],
[
12.655753791332245,
45.96167397569244
],
[
12.655592858791351,
45.96195365135829
],
[
12.655246853828428,
45.96185856179029
],
[
12.654935717582703,
45.961739233474084
],
[
12.654595077037811,
45.96158820820538
],
[
12.654329538345337,
45.96137005986826
],
[
12.65412300825119,
45.96115191067221
],
[
12.654004991054535,
45.96090206352921
],
[
12.65384942293167,
45.96066153797641
],
[
12.653693854808807,
45.96041914682809
],
[
12.653578519821167,
45.96016743182092
],
[
12.653417587280273,
45.95991944480671
],
[
12.65326201915741,
45.95967891498822
],
[
12.653127908706665,
45.95942160286362
],
[
12.652988433837889,
45.95916428954408
],
[
12.652902603149412,
45.95889951662003
],
[
12.653074264526367,
45.95866644081588
],
[
12.653237879276276,
45.958526594862796
]